Start of ordered AVL:
16
15
16
14
16
15
16
13
16
15
16
14
16
15
16
12
16
15
16
14
16
15
16
13
16
15
16
14
16
15
16
11
16
15
16
14
16
15
16
13
16
15
16
14
16
15
16
12
16
15
16
14
16
15
16
13
16
15
16
14
16
15
16
10
15
14
15
13
15
14
15
12
15
14
15
13
15
14
15
11
15
14
15
13
15
14
15
12
16
15
16
14
16
15
16
13
15
14
15
16
Start of shuffled AVL:
7
6
5
6
4
5
6
3
5
4
6
5
6
2
5
6
4
6
7
5
6
3
7
6
7
5
7
6
7
4
6
7
5
6
1
5
6
4
5
3
5
4
2
6
5
4
5
3
5
6
4
5
0
6
5
4
6
5
3
5
4
5
2
6
5
6
7
4
6
5
3
5
4
5
6
1
7
6
5
7
6
4
6
5
6
3
6
5
4
6
5
2
5
4
5
3
5
6
4
5
