Start of Ordered BST:
0
1
2
3
4
5
6
7
8
9
10
11
12
13
14
15
16
17
18
19
20
21
22
23
24
25
26
27
28
29
30
31
32
33
34
35
36
37
38
39
40
41
42
43
44
45
46
47
48
49
50
51
52
53
54
55
56
57
58
59
60
61
62
63
64
65
66
67
68
69
70
71
72
73
74
75
76
77
78
79
80
81
82
83
84
85
86
87
88
89
90
91
92
93
94
95
96
97
98
99
Start of out of bounds BST:
1
100
100
Start of Shuffled BST:
2
1
8
7
8
6
5
4
3
2
4
3
0
8
7
8
6
5
4
7
8
9
10
11
6
5
6
3
6
9
8
7
5
8
9
7
9
11
10
8
6
8
11
12
10
12
11
9
11
12
10
7
9
10
8
10
9
10
4
8
9
7
6
9
8
10
9
11
10
12
11
7
11
10
11
9
8
9
11
12
13
10
5
7
8
9
6
8
10
9
7
8
10
11
9
10
2
3
1
2
