Start of ordered Splay:
99
50
26
13
9
4
4
2
4
2
3
1
7
3
3
1
3
1
2
1
5
2
3
1
3
1
2
1
5
2
3
1
3
1
2
1
4
2
3
1
3
1
2
1
6
3
3
1
3
1
2
1
5
2
3
1
3
1
2
1
5
2
3
1
3
1
2
1
4
2
3
1
3
1
2
1
5
2
3
1
3
1
2
1
4
2
3
1
3
1
2
1
4
2
3
1
3
1
2
1
Start of shuffled Splay:
4
2
4
4
3
1
2
2
4
4
3
1
4
3
1
2
4
4
2
3
1
2
1
4
6
4
2
3
1
2
3
2
1
4
3
1
4
2
2
1
3
1
3
1
5
2
5
3
3
1
1
3
4
2
2
4
2
2
1
3
3
1
1
1
2
2
1
2
2
1
3
2
1
1
3
2
1
2
1
4
2
4
2
5
2
2
2
5
2
2
1
1
3
2
1
2
1
2
2
1
